MIGRAD MINIMIZATION HAS CONVERGED.
 FCN=-31.9345 FROM MIGRAD    STATUS=CONVERGED     126 CALLS         127 TOTAL
                     EDM=2.39504e-05    STRATEGY= 0  ERROR MATRIX UNCERTAINTY   9.2 per cent
  EXT PARAMETER                APPROXIMATE        STEP         FIRST   
  NO.   NAME      VALUE            ERROR          SIZE      DERIVATIVE 
   1  Lumi         1.00000e+00   1.99983e-04   3.28487e-08   2.32236e+00
   2  Normalization_mom_0   1.02725e+01   1.64337e+01   4.77700e-06  -1.77402e+00
   3  Normalization_mom_1   2.64695e+02   4.40010e+01   5.88198e-06   3.53472e+00
   4  Normalization_mom_2   3.40477e+02   4.71697e+01   2.97641e-06   2.42691e+00
   5  Normalization_mom_3   7.86136e+02   5.29940e+01   1.36454e-06   1.04214e+00
   6  Normalization_mom_4   3.54204e+02   3.78997e+01   1.03685e-07  -4.80976e+00
   7  Normalization_mom_5   2.48130e+01   1.96263e+01  -1.89208e-05   1.11447e+00
                               ERR DEF= 0.5
 EXTERNAL ERROR MATRIX.    NDIM=  25    NPAR=  7    ERR DEF=0.5
  3.999e-08  2.330e-05 -4.004e-05 -1.421e-05 -2.752e-06  1.006e-05 -7.910e-06 
  2.330e-05  2.701e+02  3.426e+01  3.604e+01  1.624e+02 -2.214e+02  7.936e+01 
 -4.004e-05  3.426e+01  1.936e+03 -4.697e+02 -1.252e+00  7.819e+01 -4.762e+01 
 -1.421e-05  3.604e+01 -4.697e+02  2.225e+03 -6.241e+02  1.242e+02 -4.035e+01 
 -2.752e-06  1.624e+02 -1.252e+00 -6.241e+02  2.808e+03 -6.707e+02  5.855e+01 
  1.006e-05 -2.214e+02  7.819e+01  1.242e+02 -6.707e+02  1.436e+03 -3.625e+02 
 -7.910e-06  7.936e+01 -4.762e+01 -4.035e+01  5.855e+01 -3.625e+02  3.852e+02 
ERR MATRIX APPROXIMATE
 PARAMETER  CORRELATION COEFFICIENTS  
       NO.  GLOBAL      1      2      3      4      5      6      7
        1  0.01080   1.000  0.007 -0.005 -0.002 -0.000  0.001 -0.002
        2  0.39720   0.007  1.000  0.047  0.046  0.186 -0.355  0.246
        3  0.26101  -0.005  0.047  1.000 -0.226 -0.001  0.047 -0.055
        4  0.36015  -0.002  0.046 -0.226  1.000 -0.250  0.069 -0.044
        5  0.43784  -0.000  0.186 -0.001 -0.250  1.000 -0.334  0.056
        6  0.60777   0.001 -0.355  0.047  0.069 -0.334  1.000 -0.487
        7  0.51222  -0.002  0.246 -0.055 -0.044  0.056 -0.487  1.000
 ERR MATRIX APPROXIMATE



 MIGRAD MINIMIZATION HAS CONVERGED.
 FCN=-30.0963 FROM MIGRAD    STATUS=CONVERGED     158 CALLS         159 TOTAL
                     EDM=9.93535e-05    STRATEGY= 0  ERROR MATRIX UNCERTAINTY   4.7 per cent
  EXT PARAMETER                                   STEP         FIRST   
  NO.   NAME      VALUE            ERROR          SIZE      DERIVATIVE 
   1  Lumi         1.00000e+00   1.99998e-04   2.57328e-08   1.15414e+00
   2  Normalization_mom_0   1.02894e+01   1.54487e+01  -2.09774e-05  -2.03166e+00
   3  Normalization_mom_1   2.63952e+02   4.50219e+01   7.64559e-06   2.33085e+00
   4  Normalization_mom_2   3.39550e+02   4.84435e+01   1.29147e-05   3.37713e+00
   5  Normalization_mom_3   7.83045e+02   5.32859e+01   3.48135e-06  -9.17439e+00
   6  Normalization_mom_4   3.53034e+02   4.13995e+01   5.64057e-06  -2.54460e+00
   7  Normalization_mom_5   2.46642e+01   1.79211e+01  -2.89104e-05  -5.05206e-01
   8  alpha_bkg_shape  -2.11282e-02   8.17962e-01   3.34709e-03   2.08419e-02
   9  alpha_signal_shape   3.82047e-02   3.55379e-01  -8.39191e-04   1.71631e-01
                               ERR DEF= 0.5
 EXTERNAL ERROR MATRIX.    NDIM=  25    NPAR=  9    ERR DEF=0.5
  4.000e-08  2.045e-06 -6.962e-06 -1.288e-06  1.344e-05  7.135e-06 -2.077e-06 -1.250e-07 -2.204e-07 
  2.045e-06  2.387e+02 -4.435e+01 -1.499e+01  2.219e+01 -2.344e+02  1.203e+02 -4.933e-01  9.895e-01 
 -6.962e-06 -4.435e+01  2.027e+03 -4.114e+02  1.744e+02  1.466e+02 -8.854e+01 -4.694e+00 -2.194e+00 
 -1.288e-06 -1.499e+01 -4.114e+02  2.347e+03 -2.513e+02  2.718e+02 -8.055e+01 -1.023e+00 -5.468e+00 
  1.344e-05  2.219e+01  1.744e+02 -2.513e+02  2.839e+03 -3.353e+02 -1.119e+02 -9.235e-01 -4.874e+00 
  7.135e-06 -2.344e+02  1.466e+02  2.718e+02 -3.353e+02  1.714e+03 -4.233e+02  4.097e+00 -6.158e+00 
 -2.077e-06  1.203e+02 -8.854e+01 -8.055e+01 -1.119e+02 -4.233e+02  3.212e+02 -1.661e+00  2.171e+00 
 -1.250e-07 -4.933e-01 -4.694e+00 -1.023e+00 -9.235e-01  4.097e+00 -1.661e+00  6.751e-01 -8.239e-02 
 -2.204e-07  9.895e-01 -2.194e+00 -5.468e+00 -4.874e+00 -6.158e+00  2.171e+00 -8.239e-02  1.265e-01 
 PARAMETER  CORRELATION COEFFICIENTS  
       NO.  GLOBAL      1      2      3      4      5      6      7      8      9
        1  0.00449   1.000  0.001 -0.001 -0.000  0.001  0.001 -0.001 -0.001 -0.003
        2  0.46292   0.001  1.000 -0.064 -0.020  0.027 -0.366  0.435 -0.039  0.180
        3  0.35675  -0.001 -0.064  1.000 -0.189  0.073  0.079 -0.110 -0.127 -0.137
        4  0.47541  -0.000 -0.020 -0.189  1.000 -0.097  0.136 -0.093 -0.026 -0.317
        5  0.49219   0.001  0.027  0.073 -0.097  1.000 -0.152 -0.117 -0.021 -0.257
        6  0.68928   0.001 -0.366  0.079  0.136 -0.152  1.000 -0.571  0.120 -0.418
        7  0.65632  -0.001  0.435 -0.110 -0.093 -0.117 -0.571  1.000 -0.113  0.341
        8  0.39565  -0.001 -0.039 -0.127 -0.026 -0.021  0.120 -0.113  1.000 -0.282
        9  0.67542  -0.003  0.180 -0.137 -0.317 -0.257 -0.418  0.341 -0.282  1.000